sz38  (157,1748)  (111,1793)  (111,1747)  (202,1794)  (157,1702)  (203,1702)  (203,1748)  (109,1701)  (156,1839)  (110,1839)  (65,1793)  (65,1747)  (248,1794)  (248,1840)  (202,1840)  (64,1840)  (249,1671)  (249,1717)  (63,1701)  (19,1794)  (19,1748)  (294,1763)  (294,1809)  (18,1843)  (295,1710)  (17,1702)
sz39  (454,1781)  (408,1826)  (408,1780)  (499,1827)  (454,1735)  (500,1735)  (500,1781)  (406,1734)  (453,1872)  (407,1872)  (546,1768)
S.Lanao  (1253,2560)  (1274,2542)  (1331,2512)
sz34  (1120,1794)  (1099,1815)  (1112,1875)  (1093,1895)  (1187,1950)  (1164,1967)  (1102,1741)  (1116,1721)  (1110,1944)  (1088,1963)  (1080,1683)  (1260,1855)
sz35  (1383,1744)  (1337,1789)  (1337,1743)  (1428,1790)  (1383,1698)  (1429,1698)  (1429,1744)  (1291,1723)  (1474,1790)  (1475,1662)  (1475,1708)
sz36  (1612,1885)  (1566,1930)  (1566,1884)  (1657,1931)  (1612,1839)  (1658,1839)  (1658,1885)  (1564,1838)  (1611,1976)  (1565,1976)  (1520,1930)  (1703,1931)  (1703,1977)  (1657,1977)  (1610,1793)  (1656,1793)  (1702,1793)  (1704,1839)  (1704,1885)  (1546,1792)
sz37  (1907,1781)  (1861,1826)  (1861,1780)  (1952,1827)  (1907,1735)  (1953,1735)  (1953,1781)  (1859,1734)  (1906,1872)  (1860,1872)  (1815,1826)  (1998,1827)  (1998,1873)  (1952,1873)  (1814,1873)  (1905,1689)  (1951,1689)  (1997,1689)  (1999,1735)  (1999,1781)  (1818,1688)
sz30  (415,1562)  (369,1607)  (369,1561)  (460,1608)  (415,1516)  (461,1516)  (461,1562)  (367,1515)  (414,1653)  (368,1653)  (323,1607)  (323,1561)  (506,1608)  (506,1654)  (460,1654)  (322,1654)  (321,1515)
sz31  (593,1466)  (547,1511)  (547,1465)  (638,1512)  (593,1420)  (545,1419)
Kota  (62,2797)  (66,2781)  (76,2772)  (95,2774)  (100,2796)  (88,2814)  (68,2809)
sz32  (664,1627)  (618,1672)  (618,1626)  (676,1673)  (664,1581)  (710,1581)  (710,1627)  (616,1580)  (630,1718)  (584,1718)  (677,1719)
Taclobau  (1413,2047)  (1419,2036)  (1433,2027)  (1450,2030)  (1451,2052)  (1441,2072)  (1411,2060)
Aurora  (970,1253)  (946,1264)  (917,1274)  (893,1299)  (879,1337)
sz4  (1375,120)  (1329,165)  (1329,119)  (1420,166)  (1375,74)  (1421,74)  (1421,120)  (1327,73)  (1374,211)  (1328,211)  (1283,165)  (1283,119)  (1466,166)  (1466,212)  (1420,212)  (1282,212)  (1373,28)  (1419,28)  (1465,28)  (1467,74)  (1467,120)  (1281,73)  (1281,27)  (1327,27)  (1511,14)  (1237,166)  (1237,120)  (1236,236)  (1513,60)  (1513,106)  (1235,74)  (1235,28)
sz3  (1028,165)  (982,210)  (982,164)  (1073,211)  (1028,119)  (1074,119)  (1074,165)  (980,118)  (1027,256)  (981,256)  (936,210)  (936,164)  (1119,211)  (1119,257)  (1073,257)  (935,257)  (1026,73)  (1072,73)  (1118,73)  (1120,119)  (1120,165)  (956,72)  (889,296)  (1002,27)  (1048,27)  (1094,27)  (1140,27)
sz49  (617,2051)  (659,2097)  (613,2005)  (550,1986)  (685,2143)  (513,2053)  (507,2130)  (505,1940)  (504,2007)
sz6  (233,479)  (187,524)  (187,478)  (278,525)  (233,433)  (279,433)  (279,479)  (185,432)  (232,570)  (186,570)  (141,524)  (141,478)  (324,525)  (324,571)  (278,571)  (140,571)  (231,387)  (277,387)  (323,387)  (325,433)  (325,479)  (139,432)  (139,386)  (185,386)  (369,350)  (95,525)  (95,479)  (370,525)  (370,571)  (94,613)  (371,396)  (371,442)  (93,433)  (93,387)  (415,350)  (49,567)  (49,521)  (416,488)  (416,534)  (416,580)  (48,613)  (417,396)  (417,442)  (47,475)  (47,429)  (47,383)  (461,350)  (462,488)  (462,534)  (462,580)  (463,396)  (463,442)
sz5  (1820,83)  (1774,128)  (1774,82)  (1865,129)  (1820,37)  (1866,37)  (1866,83)  (1772,36)  (1728,134)  (1728,88)  (1911,129)  (1912,14)  (1912,60)  (1726,42)  (1682,134)  (1682,88)  (1957,106)  (1958,14)  (1958,60)  (1680,42)  (1968,180)  (1636,134)  (1636,88)  (2003,106)  (2004,14)  (2004,60)  (1634,42)  (1590,134)  (1590,88)  (1588,42)
E.Samar  (1467,1907)  (1481,1947)  (1481,1990)  (1488,2035)
sz47  (115,1982)  (69,2027)  (69,1981)  (160,2028)  (115,1936)  (161,1936)  (161,1982)  (67,1935)  (23,2056)  (23,2010)  (206,2028)  (207,1893)  (207,1939)  (21,1964)  (21,1918)
Anique  (979,2109)  (990,2081)  (980,2044)  (966,1961)
sz48  (365,1991)  (319,2036)  (319,1990)  (410,2037)  (365,1945)  (411,1945)  (411,1991)  (317,1944)  (364,2082)  (318,2082)  (273,2036)  (273,1990)  (444,2083)  (272,2083)  (271,1944)  (271,1898)
W.D  (1452,2648)  (1473,2622)
sz45  (1606,2099)  (1560,2144)  (1651,2145)  (1573,2053)  (1619,2053)  (1652,2099)  (1665,2040)  (1514,2130)  (1697,2145)  (1698,2086)  (1711,2030)  (1468,2110)
sz2  (604,104)  (558,149)  (558,103)  (649,150)  (604,58)  (650,58)  (650,104)  (556,57)  (603,195)  (557,195)  (672,196)  (696,14)  (696,60)
sz46  (1890,2042)  (1844,2087)  (1844,2041)  (1935,2088)  (1890,1996)  (1936,1996)  (1936,2042)  (1842,1995)  (1798,2111)  (1798,2065)  (1981,2088)  (1982,1951)  (1982,1997)  (1796,2019)  (1796,1973)
Cotambo  (1374,2803)  (1407,2813)  (1431,2797)
sz1  (368,188)  (322,233)  (322,187)  (413,234)  (368,142)  (414,142)  (414,188)  (320,141)  (367,279)  (321,279)  (276,233)  (276,187)  (459,234)  (459,280)  (413,280)  (275,280)  (397,96)  (443,96)  (460,142)  (460,188)  (229,301)  (229,255)  (435,50)  (183,301)  (137,301)  (91,301)  (45,301)
sz43  (901,2066)  (920,2112)  (874,2112)  (872,2020)  (918,2020)  (921,2158)  (875,2158)
Palawan  (401,2327)  (424,2293)  (448,2265)  (372,2339)
Masbate  (1187,1866)  (1217,1884)  (1240,1910)  (1162,1899)  (1165,1857)  (1272,1937)
sz44  (1279,2003)  (1300,1957)  (1231,2026)  (1296,2069)  (1346,1954)  (1296,1911)  (1185,2052)  (1305,2115)
sz41  (775,1988)  (729,2033)  (820,2034)  (756,1942)  (802,1942)  (756,1896)
N.China  (160,38)  (129,67)  (204,18)  (129,18)  (182,76)  (251,13)
sz40  (691,1794)  (645,1813)  (737,1777)  (757,1834)
N.Samar  (1394,1866)  (1360,1866)  (1327,1855)  (1433,1856)
N.Surgie  (1527,2203)
sz7  (629,408)  (583,453)  (583,407)  (674,454)  (629,362)  (675,362)  (675,408)  (581,361)  (628,499)  (582,499)  (537,453)  (537,407)  (720,454)  (720,500)  (674,500)  (536,500)  (627,316)  (673,316)  (721,375)  (535,361)  (535,315)  (581,315)  (628,545)  (582,545)  (766,422)  (766,468)  (766,514)  (720,546)  (674,546)  (536,546)  (627,270)  (673,270)  (520,269)  (566,269)
sz8  (965,461)  (919,506)  (919,460)  (1010,507)  (965,415)  (1011,415)  (1011,461)  (917,414)  (964,552)  (918,552)  (873,506)  (873,460)  (1056,507)  (1056,553)  (1010,553)  (872,553)  (963,369)  (1009,369)  (1055,369)  (1057,415)  (1057,461)  (871,414)  (871,368)  (917,368)  (1101,345)  (827,507)  (827,461)  (1102,507)  (1102,553)  (826,560)  (1103,391)  (1103,437)  (1147,345)  (1148,483)  (1148,529)  (1149,391)  (1149,437)
sz9  (1377,455)  (1331,500)  (1331,454)  (1422,501)  (1377,409)  (1423,409)  (1423,455)  (1329,408)  (1376,546)  (1330,546)  (1285,500)  (1285,454)  (1468,501)  (1468,547)  (1422,547)  (1284,547)  (1375,363)  (1421,363)  (1467,363)  (1469,409)  (1469,455)  (1283,408)  (1283,362)  (1329,362)  (1376,592)  (1330,592)  (1239,501)  (1239,455)  (1514,501)  (1514,547)  (1514,593)  (1468,593)  (1422,593)  (1284,593)  (1238,593)  (1238,547)  (1375,317)  (1421,317)  (1467,317)  (1515,370)  (1515,416)  (1237,409)  (1237,363)  (1237,317)  (1283,316)  (1329,316)
Catan  (1305,1655)  (1310,1626)
sz56  (109,2189)  (63,2234)  (63,2188)  (154,2235)  (109,2143)  (155,2143)  (155,2189)  (61,2142)  (17,2278)  (17,2232)  (200,2235)  (201,2105)  (201,2151)  (15,2186)  (15,2140)
sz57  (340,2226)  (294,2271)  (294,2225)  (367,2272)  (340,2180)  (386,2180)  (386,2226)  (292,2179)  (314,2317)  (268,2317)  (432,2149)
N.M  (1143,1786)
N.Borneo  (138,2826)  (92,2871)  (138,2780)  (184,2780)  (184,2826)  (105,2917)  (59,2917)  (230,2761)  (230,2807)  (67,2963)  (21,2963)
sz58  (538,2312)  (492,2357)  (492,2311)  (583,2358)  (538,2266)  (584,2266)  (584,2312)  (446,2382)  (629,2358)  (630,2237)  (630,2283)  (675,2329)  (675,2375)
sz59  (815,2433)  (769,2478)  (769,2432)  (860,2479)  (815,2387)  (861,2387)  (861,2433)  (767,2386)  (814,2524)  (768,2524)  (723,2478)  (723,2432)  (906,2479)  (906,2525)  (860,2525)  (722,2525)  (813,2341)  (859,2341)  (905,2341)  (907,2387)  (907,2433)  (736,2340)
Cama  (1080,1584)  (1109,1604)  (1048,1575)
Aklan  (1026,2012)  (1011,1986)  (1067,2001)
N.D  (1511,2591)
Tarlac  (730,1371)  (717,1380)  (700,1393)  (745,1345)
sz50  (788,2204)  (742,2249)  (742,2203)  (833,2250)  (788,2158)  (740,2157)  (696,2280)  (879,2209)  (879,2255)
sz51  (996,2219)  (985,2265)  (1042,2202)
N.Negros  (1132,2140)  (1109,2173)  (1041,2276)  (1063,2255)  (1098,2219)  (1156,2112)
sz52  (1294,2167)  (1340,2166)
sz53  (1404,2269)  (1450,2269)
sz55  (1892,2240)  (1846,2285)  (1846,2239)  (1937,2286)  (1892,2194)  (1938,2194)  (1938,2240)  (1844,2193)  (1800,2308)  (1800,2262)  (1983,2286)  (1984,2160)  (1984,2206)  (1798,2216)  (1798,2170)  (1754,2308)  (1754,2262)  (1752,2216)
Cagayan  (934,980)  (908,954)  (955,1012)  (976,951)  (877,922)  (917,1024)  (891,1000)  (849,896)  (824,884)  (997,907)  (953,939)
E.Borneo  (319,2943)  (273,2988)  (273,2942)  (341,2989)  (319,2897)  (365,2898)  (271,2896)  (387,2944)  (295,3034)  (341,3045)  (433,2937)
Manacuin  (1311,2703)  (1288,2712)  (1331,2668)  (1371,2717)
San F.  (715,1236)  (719,1211)  (725,1181)
Baslian  (960,2763)
Lucena  (875,1495)  (880,1467)  (914,1600)  (886,1618)
Iloio  (1024,2159)  (1026,2143)  (1036,2131)  (1055,2125)  (1070,2142)  (1066,2167)  (1037,2166)
N.P  (567,2154)  (519,2185)  (571,2062)
sz69  (1041,2682)  (1066,2728)
Raa  (942,1876)  (915,1898)  (971,1852)  (886,1922)  (996,1827)  (919,1826)  (1019,1903)  (995,1922)
sz67  (700,2739)  (654,2784)  (654,2738)  (745,2785)  (700,2693)  (746,2693)  (746,2739)  (652,2692)  (699,2830)  (653,2830)  (608,2784)  (608,2738)  (791,2801)  (745,2831)  (607,2831)  (737,2647)  (783,2647)  (606,2692)
sz68  (875,2668)  (903,2714)  (857,2714)  (837,2622)  (883,2622)  (929,2614)
sz61  (1206,2402)  (1160,2405)  (1252,2369)  (1252,2415)  (1264,2461)
E.Aklan  (1073,2037)
sz62  (1353,2364)  (1327,2384)  (1385,2349)  (1352,2427)  (1422,2348)  (1462,2350)  (1316,2416)  (1318,2347)
E.M  (1220,1840)
Abra  (773,1035)  (792,1022)  (763,1058)  (772,1085)
sz60  (1030,2437)  (984,2482)  (984,2436)  (1075,2483)  (1030,2391)  (1076,2399)  (982,2390)
sz65  (104,2425)  (58,2470)  (58,2424)  (149,2471)  (104,2379)  (150,2379)  (150,2425)  (56,2378)  (103,2516)  (57,2516)  (195,2509)  (149,2517)  (102,2333)  (148,2333)  (194,2333)  (196,2379)  (196,2425)  (15,2332)
E.L  (940,1451)
sz66  (458,2524)  (412,2569)  (412,2523)  (503,2570)  (458,2478)  (504,2478)  (504,2524)  (410,2477)  (366,2614)  (366,2568)  (549,2570)  (456,2432)  (502,2432)  (548,2432)  (550,2478)  (550,2524)  (364,2522)  (364,2476)  (410,2431)  (594,2431)  (320,2614)  (320,2568)  (595,2570)  (596,2477)  (596,2523)  (318,2522)  (318,2476)  (274,2614)  (641,2613)
E.I  (1692,3104)
sz63  (1652,2439)  (1685,2485)  (1645,2393)
sz64  (1898,2440)  (1852,2485)  (1852,2439)  (1943,2486)  (1898,2394)  (1944,2394)  (1944,2440)  (1850,2393)  (1806,2506)  (1806,2460)  (1989,2486)  (1990,2357)  (1990,2403)  (1804,2414)  (1804,2368)  (1760,2471)  (1758,2425)  (1758,2379)
Dupan  (723,1314)  (740,1298)  (687,1319)  (651,1294)  (762,1283)  (639,1262)
Cotabo  (1378,2651)
Compo  (1586,2618)
Bataan C.  (720,1501)  (731,1529)
E.Z  (1165,2553)  (1166,2525)  (1161,2590)  (1136,2563)
S.China  (62,169)  (16,205)  (16,159)  (62,123)  (108,124)  (108,170)  (155,149)  (149,204)  (92,217)
sz75  (78,2661)  (51,2684)  (108,2636)  (25,2706)  (135,2614)  (161,2592)  (279,2700)  (298,2679)  (25,2618)  (52,2596)  (95,2708)  (95,2708)
sz74  (1904,2636)  (1858,2681)  (1858,2635)  (1949,2682)  (1904,2590)  (1950,2590)  (1950,2636)  (1856,2589)  (1812,2719)  (1812,2673)  (1995,2682)  (1996,2555)  (1996,2601)  (1810,2627)  (1810,2581)
sz76  (395,2810)  (425,2783)  (455,2756)  (488,2724)  (473,2853)  (501,2824)  (527,2793)  (390,2705)  (421,2675)  (360,2736)  (509,3025)  (543,2993)  (538,2885)  (527,2673)
sz71  (1278,2868)  (1232,2898)  (1232,2852)  (1324,2875)  (1186,2898)  (1186,2852)  (1370,2896)
Baguioi  (757,1220)  (767,1204)  (774,1175)  (750,1243)
there be dragons  (1051,2265)  (1113,2163)  (1136,2134)  (1100,2204)  (1078,2244)  (1160,2109)
sz70  (1168,2687)  (1122,2732)  (1122,2686)  (1213,2733)  (1205,2641)  (1214,2687)  (1251,2631)
N.Ilocos  (792,908)  (798,967)  (752,995)
sz72  (1549,2775)  (1510,2744)  (1547,2723)  (1551,2824)  (1598,2836)
Cebu  (1244,2166)  (1255,2143)  (1271,2115)  (1225,2197)  (1197,2237)
S.Borneo  (86,3273)  (40,3318)  (40,3272)  (131,3319)  (86,3227)  (132,3227)  (132,3273)  (38,3226)  (177,3319)  (178,3239)  (15,3180)  (223,3333)
S.Surgi  (1579,2400)  (1572,2369)  (1596,2475)  (1549,2326)  (1502,2287)  (1619,2514)
Amoy  (199,205)  (196,191)  (201,178)  (212,169)  (234,180)  (235,201)  (221,217)
sz78  (405,3219)  (378,3238)  (433,3198)  (346,3260)  (459,3174)  (319,3285)  (491,3145)  (343,3166)  (369,3143)  (423,3324)  (447,3301)  (478,3274)  (511,3244)  (540,3214)  (570,3181)  (543,3327)  (565,3300)  (592,3272)  (618,3245)  (438,3111)  (362,3336)  (632,3169)
N.Zamboanga  (1021,2558)  (1112,2535)  (1177,2468)  (1133,2486)  (1067,2533)  (993,2592)
M.T.  (833,1116)  (816,1119)  (800,1133)  (874,1114)
Llagan  (959,1136)  (935,1161)  (971,1100)  (937,1075)  (919,1114)  (976,1183)  (1004,1142)  (901,1173)  (983,1062)  (1016,1105)
Apayao  (830,962)  (838,932)  (844,1000)
Panga  (748,1442)
sz80  (844,3252)  (798,3297)  (798,3251)  (889,3298)  (844,3206)  (890,3206)  (890,3252)  (796,3205)  (752,3341)  (752,3295)  (935,3298)  (842,3160)  (888,3160)  (934,3160)  (936,3206)  (936,3252)  (750,3249)  (750,3203)  (796,3159)  (748,3157)  (980,3147)  (706,3341)  (706,3295)  (981,3298)  (982,3193)  (982,3239)  (704,3249)  (704,3203)  (702,3157)
N.Nueva  (827,1237)  (846,1211)  (802,1256)  (849,1285)  (810,1211)
sz88  (1683,2887)  (1637,2932)  (1728,2933)  (1655,2841)  (1701,2841)  (1729,2887)
Batangas  (815,1609)  (837,1624)  (853,1643)  (788,1607)  (764,1599)  (807,1644)
sz87  (1863,3033)  (1817,3078)  (1817,3032)  (1908,3079)  (1863,2987)  (1909,2987)  (1909,3033)  (1815,2986)  (1771,3116)  (1771,3070)  (1954,3079)  (1955,2954)  (1955,3000)  (1769,3024)  (2000,3046)  (2000,3092)  (2001,2954)  (2001,3000)  (1723,3049)  (1723,3003)  (1677,3044)  (1677,2998)  (1644,3116)  (1631,3070)  (1598,3116)
sz86  (1894,3258)  (1848,3303)  (1848,3257)  (1939,3304)  (1894,3212)  (1940,3212)  (1940,3258)  (1846,3211)  (1802,3341)  (1802,3295)  (1985,3304)  (1892,3166)  (1938,3166)  (1984,3166)  (1986,3212)  (1986,3258)  (1800,3249)  (1800,3203)  (1846,3165)
sz85  (1501,2944)  (1455,2981)  (1534,2898)  (1547,2944)  (1580,2893)  (1409,2981)
Sieg 2008  (1574,3228)  (1528,3273)  (1528,3227)  (1619,3274)  (1574,3182)  (1620,3182)  (1620,3228)  (1526,3181)  (1573,3319)  (1527,3319)  (1482,3273)  (1482,3227)  (1665,3274)  (1665,3320)  (1619,3320)  (1481,3320)  (1666,3188)  (1480,3181)  (1480,3135)  (1526,3135)  (1436,3274)  (1436,3228)  (1711,3234)  (1711,3280)  (1711,3326)  (1435,3341)  (1712,3188)  (1434,3182)  (1438,3089)  (1484,3089)  (1530,3089)  (1390,3295)  (1390,3249)  (1389,3341)  (1388,3203)  (1438,3043)  (1484,3043)  (1530,3043)  (1344,3295)  (1344,3249)  (1343,3341)  (1342,3203)
Borneo  (122,3062)  (76,3107)  (76,3061)  (167,3108)  (122,3016)  (168,3016)  (168,3062)  (30,3113)  (30,3067)  (213,3108)  (213,3154)  (157,2970)  (214,3042)  (157,2924)
sz83  (1162,3252)  (1116,3297)  (1116,3251)  (1207,3298)  (1162,3206)  (1208,3206)  (1208,3252)  (1114,3205)  (1070,3341)  (1070,3295)  (1253,3298)  (1254,3165)  (1254,3211)  (1068,3249)  (1068,3203)
sz82  (1238,3049)  (1192,3094)  (1192,3048)  (1283,3095)  (1238,3003)  (1284,3003)  (1284,3049)  (1146,3116)  (1146,3070)  (1146,3024)  (1329,3095)  (1225,2957)  (1271,2957)  (1317,2957)  (1330,3003)  (1330,3049)  (1100,3116)  (1100,3070)  (1100,3024)  (1375,3095)  (1376,3030)  (1054,3116)  (1054,3070)  (1054,3024)
sz81  (996,2885)  (950,2930)  (950,2884)  (1041,2931)  (996,2839)  (1042,2839)  (1042,2885)  (948,2838)  (904,2968)  (904,2922)  (1087,2931)  (1011,2793)  (1088,2819)  (1088,2865)  (902,2876)  (902,2830)  (858,2968)  (858,2922)  (1133,2911)  (1133,2957)  (1134,2819)  (1134,2865)  (856,2818)
E.Sarunga  (1477,2808)  (1477,2843)  (1461,2875)
Misamis  (1410,2449)  (1422,2428)  (1388,2485)  (1342,2472)
Marquin  (952,1710)  (927,1735)  (976,1688)  (928,1658)  (907,1676)  (889,1698)  (982,1765)  (1008,1741)  (918,1764)
Bataan  (981,698)
sz89  (1911,2835)  (1865,2880)  (1865,2834)  (1956,2881)  (1911,2789)  (1957,2789)  (1957,2835)  (1863,2788)  (1819,2904)  (1819,2858)  (2002,2881)  (2003,2768)  (2003,2814)  (1817,2812)
Kaosiung  (740,324)  (746,309)  (760,297)  (780,301)  (786,327)  (770,348)  (745,344)
Albay  (1162,1703)  (1276,1811)  (1186,1752)  (1232,1776)
Tawi  (649,2957)  (694,3003)  (648,3003)  (604,2911)  (650,2911)  (695,2957)  (696,2910)  (740,3003)  (740,3049)  (694,3049)  (648,3049)  (741,2956)  (742,2881)  (786,3002)  (786,3048)  (786,3094)  (740,3095)  (694,3095)  (648,3095)  (787,2927)  (832,3017)  (832,3063)  (878,3017)  (878,3063)  (924,3017)  (924,3063)  (970,3017)  (970,3063)
Legazpi  (1210,1727)  (1221,1714)  (1242,1709)  (1260,1724)  (1254,1747)  (1240,1763)  (1216,1754)
sz90  (1043,1525)  (997,1539)  (1089,1513)  (951,1541)  (1135,1513)  (1135,1559)
Bukidnon  (1427,2551)  (1399,2551)  (1463,2550)  (1429,2591)  (1408,2520)  (1445,2504)
Kaliuga  (848,1059)  (837,1072)  (885,1062)  (824,1080)
sz91  (587,1893)  (633,1863)  (676,1909)  (679,1863)  (700,1955)
73  (1704,2671)  (1749,2717)  (1703,2717)  (1693,2625)  (1739,2625)  (1750,2671)  (1657,2722)  (1756,2763)  (1710,2763)  (1684,2579)  (1730,2579)  (1664,2768)  (1735,2533)
S.Z  (1107,2589)  (1079,2562)  (1097,2633)  (1023,2608)
E.China  (290,49)  (336,15)  (256,74)  (198,118)  (387,18)  (301,18)
Calamba  (857,1565)  (839,1578)  (806,1580)  (781,1578)  (868,1546)
Clark Field  (804,1351)  (816,1332)  (839,1385)  (814,1294)  (774,1340)  (795,1389)
S.P  (306,2404)  (332,2384)  (277,2424)
S.M  (663,1947)
S.L  (1421,2158)  (1404,2195)
Quezon  (1011,1649)  (1033,1674)  (1051,1709)  (1020,1609)  (986,1634)  (1063,1602)
Sandauan  (234,3278)  (239,3266)  (255,3255)  (272,3268)  (274,3295)  (247,3301)  (226,3297)
Sultan  (1302,2778)  (1324,2761)  (1365,2752)  (1416,2757)
sz11  (156,793)  (110,838)  (110,792)  (201,839)  (156,747)  (202,747)  (202,793)  (108,746)  (155,884)  (109,884)  (64,838)  (64,792)  (247,839)  (247,885)  (201,885)  (63,885)  (154,701)  (200,701)  (246,701)  (248,747)  (248,793)  (62,746)  (62,700)  (108,700)  (292,663)  (155,930)  (109,930)  (18,839)  (18,793)  (293,839)  (293,885)  (293,931)  (247,931)  (201,931)  (63,931)  (17,931)  (17,885)  (294,709)  (294,755)  (16,747)  (16,701)
Ifuago  (819,1170)  (833,1161)  (873,1149)
sz10  (1814,480)  (1768,525)  (1768,479)  (1859,526)  (1814,434)  (1860,434)  (1860,480)  (1766,433)  (1813,571)  (1767,571)  (1722,525)  (1722,479)  (1905,526)  (1905,572)  (1859,572)  (1721,572)  (1812,388)  (1858,388)  (1904,388)  (1906,434)  (1906,480)  (1720,433)  (1720,387)  (1766,387)  (1950,370)  (1813,617)  (1767,617)  (1676,526)  (1676,480)  (1951,526)  (1951,572)  (1951,618)  (1905,618)  (1859,618)  (1721,618)  (1675,618)  (1675,572)  (1952,416)  (1952,462)  (1674,434)  (1674,388)  (1968,324)  (1996,370)  (1630,526)  (1630,480)  (1997,508)  (1997,554)  (1997,600)  (1629,631)  (1629,585)  (1998,416)  (1998,462)  (1628,434)  (1628,388)  (1968,278)  (1584,539)  (1584,493)  (1583,631)  (1583,585)  (1582,447)  (1582,401)
Bulacan  (818,1453)  (835,1436)  (801,1467)
N.Agusa  (1484,2419)  (1513,2375)  (1523,2347)
sz15  (1847,847)  (1801,892)  (1801,846)  (1892,893)  (1847,801)  (1893,801)  (1893,847)  (1799,800)  (1846,938)  (1800,938)  (1755,892)  (1755,846)  (1938,893)  (1938,939)  (1892,939)  (1754,939)  (1845,755)  (1891,755)  (1937,755)  (1939,801)  (1939,847)  (1753,800)  (1753,754)  (1799,754)  (1983,711)  (1846,984)  (1800,984)  (1709,893)  (1709,847)  (1984,893)  (1984,939)  (1984,985)  (1938,985)  (1892,985)  (1754,985)  (1708,985)  (1708,939)  (1845,709)  (1891,709)  (1937,709)  (1985,757)  (1985,803)  (1707,801)  (1707,755)  (1707,709)  (1753,708)  (1799,708)  (1663,893)  (1663,847)  (1662,1010)  (1662,964)  (1661,801)  (1661,755)  (1661,709)
sz14  (1436,838)  (1390,883)  (1390,837)  (1481,884)  (1436,792)  (1482,792)  (1482,838)  (1388,791)  (1435,929)  (1389,929)  (1344,883)  (1344,837)  (1527,884)  (1527,930)  (1481,930)  (1343,930)  (1434,746)  (1480,746)  (1526,746)  (1528,792)  (1528,838)  (1342,791)  (1342,745)  (1388,745)  (1572,702)  (1435,975)  (1389,975)  (1298,884)  (1298,838)  (1573,884)  (1573,930)  (1573,976)  (1527,976)  (1481,976)  (1343,976)  (1297,976)  (1297,930)  (1434,700)  (1480,700)  (1526,700)  (1574,748)  (1574,794)  (1296,792)  (1296,746)  (1296,700)  (1342,699)  (1388,699)  (1252,884)  (1252,838)  (1251,1010)  (1251,964)  (1250,792)  (1250,746)  (1250,700)
Samar  (1411,1929)  (1439,1959)  (1382,1911)
Sulu  (816,2849)
sz13  (984,742)  (946,729)  (1011,764)  (916,706)  (1043,788)  (884,682)  (1071,812)  (851,657)  (1100,838)  (824,632)  (1132,861)  (915,802)  (879,775)  (948,832)  (845,746)  (980,863)  (1057,665)  (1027,637)  (1085,691)  (1115,721)  (1144,749)  (852,844)  (1145,643)  (945,634)  (1179,805)  (782,696)  (783,764)  (782,834)  (1042,880)  (782,618)
sz12  (569,761)  (601,730)  (537,787)  (632,702)  (504,814)  (663,670)  (474,842)  (691,642)  (439,869)  (643,823)  (671,798)  (609,852)  (700,767)  (576,879)  (507,694)  (539,668)  (472,720)  (569,642)  (439,746)  (595,617)  (408,774)  (402,676)  (697,868)  (716,706)  (391,829)  (525,876)
sz19  (1082,1011)  (1036,1053)  (1036,1007)  (1127,1057)  (1082,965)  (1128,965)  (1128,1011)  (1031,961)  (1173,1057)  (1174,940)  (1174,986)
S.Cama  (1190,1645)  (1169,1661)  (1132,1667)  (1101,1642)
sz18  (597,1021)  (609,984)  (576,1051)  (628,954)  (557,1079)  (521,983)  (543,956)  (500,1017)  (644,1073)  (660,1044)  (673,1011)  (492,1076)  (478,944)
sz17  (322,1079)  (276,1124)  (276,1078)  (367,1125)  (322,1033)  (368,1033)  (368,1079)  (274,1032)  (321,1170)  (275,1170)  (230,1124)  (230,1078)  (413,1125)  (229,1170)  (382,987)  (414,1033)  (414,1079)  (228,1032)  (381,941)
sz16  (78,1085)  (32,1130)  (32,1084)  (123,1131)  (78,1039)  (124,1039)  (124,1085)  (30,1038)  (169,1131)  (76,993)  (122,993)  (168,993)  (170,1039)  (170,1085)  (15,992)
Bon  (1058,1853)
Bava  (1511,2825)  (1465,2744)  (1503,2784)  (1503,2875)
Zamboang  (957,2690)  (963,2678)  (975,2669)  (992,2669)  (1002,2684)  (1001,2705)  (974,2711)  (957,2701)
S.Formosa  (795,218)  (749,243)  (781,172)  (827,172)  (843,218)  (743,203)  (874,167)  (799,267)
S.Agusa  (1519,2494)  (1531,2469)  (1501,2512)  (1488,2469)  (1562,2512)  (1539,2416)
Z.M.  (686,1436)  (673,1408)  (665,1380)  (662,1349)
Davao  (1487,2679)  (1494,2667)  (1510,2658)  (1529,2666)  (1534,2688)  (1521,2708)  (1494,2701)
Quirino  (890,1247)  (896,1225)  (878,1268)  (865,1283)
N.Formosa  (823,48)  (777,93)  (777,47)  (857,94)  (869,15)  (742,123)  (892,60)  (806,11)
W.China  (34,34)  (19,64)  (75,51)  (70,15)  (13,11)
Manila  (787,1532)  (791,1517)  (808,1505)  (829,1511)  (832,1535)  (825,1553)  (796,1548)
S.Ilocos  (741,1134)  (741,1107)  (739,1079)  (726,1045)
W.Mindo  (809,1786)  (796,1760)  (821,1823)  (775,1727)  (747,1709)
Bohol  (1294,2260)  (1311,2240)  (1276,2277)
Laoag  (723,942)  (730,926)  (754,921)  (771,939)  (756,958)  (734,962)
sz20  (1220,1192)  (1174,1237)  (1174,1191)  (1265,1238)  (1220,1146)  (1266,1146)  (1266,1192)  (1172,1145)  (1128,1264)  (1128,1218)  (1311,1238)  (1239,1100)  (1285,1100)  (1312,1146)  (1312,1192)  (1126,1172)  (1331,1081)  (1082,1264)  (1082,1218)  (1080,1172)  (1036,1264)  (1036,1218)
sz22  (1931,1336)  (1885,1381)  (1885,1335)  (1976,1382)  (1931,1290)  (1977,1290)  (1977,1336)  (1883,1289)  (1930,1427)  (1884,1427)  (2006,1428)  (1838,1428)  (1929,1244)  (1975,1244)  (1851,1243)  (1960,1473)  (1914,1473)  (2006,1474)  (1868,1474)  (1822,1474)  (1792,1428)  (1897,1198)  (1943,1198)  (1989,1198)  (1851,1197)  (1776,1490)  (1960,1519)  (1914,1519)  (2006,1520)  (1868,1520)  (1822,1520)  (1897,1152)  (1943,1152)  (1989,1152)  (1851,1151)  (1776,1536)  (1960,1565)  (1914,1565)  (2006,1566)  (1868,1566)  (1822,1566)  (1897,1106)  (1943,1106)  (1989,1106)  (1851,1105)  (1776,1582)  (1897,1060)  (1943,1060)  (1989,1060)
Lanas  (1319,2574)  (1345,2561)  (1297,2593)  (1369,2601)
E.Mindo  (851,1741)  (823,1727)  (869,1786)  (867,1834)
sz21  (1640,1184)  (1594,1229)  (1594,1183)  (1685,1230)  (1640,1138)  (1686,1138)  (1686,1184)  (1592,1137)  (1639,1275)  (1593,1275)  (1548,1215)  (1731,1230)  (1731,1276)  (1685,1276)  (1638,1092)  (1684,1092)  (1730,1092)  (1732,1138)  (1732,1184)  (1546,1169)  (1546,1123)  (1592,1091)  (1532,1077)  (1776,1059)  (1639,1321)  (1593,1321)  (1502,1215)  (1777,1230)  (1777,1276)  (1777,1322)  (1731,1322)  (1685,1322)  (1778,1105)  (1778,1151)  (1500,1169)  (1500,1123)  (1486,1077)  (1456,1215)  (1454,1169)  (1454,1123)  (1440,1077)  (1410,1215)  (1408,1169)  (1408,1123)
sz24  (372,1319)  (326,1364)  (326,1318)  (417,1365)  (372,1273)  (418,1273)  (418,1319)  (324,1272)  (371,1410)  (325,1410)  (280,1364)  (280,1318)  (463,1407)  (417,1411)  (279,1411)  (370,1227)  (416,1227)  (278,1272)  (278,1226)  (324,1226)
sz23  (119,1324)  (73,1369)  (73,1323)  (164,1370)  (119,1278)  (165,1278)  (165,1324)  (71,1277)  (118,1415)  (72,1415)  (27,1369)  (27,1323)  (210,1370)  (210,1416)  (164,1416)  (26,1416)  (117,1232)  (163,1232)  (209,1232)  (211,1278)  (211,1324)  (25,1277)  (25,1231)  (71,1231)
Leyte  (1382,2077)  (1356,2053)  (1403,2115)
E.Davao  (1638,2644)  (1644,2603)  (1616,2687)  (1590,2703)  (1595,2750)
Lanao  (1218,2515)  (1220,2478)
sz26  (1082,1394)  (1120,1393)  (1041,1394)  (1160,1392)  (996,1395)  (1203,1390)  (955,1396)  (1099,1450)  (1094,1327)  (1141,1449)  (1053,1450)  (1050,1327)  (1133,1327)  (1186,1448)  (1005,1329)  (1177,1327)  (1012,1450)  (1247,1393)  (1222,1327)  (1234,1446)  (959,1328)
Sarunga  (1394,2856)  (1353,2841)
sz25  (573,1217)  (527,1262)  (527,1216)  (583,1263)  (573,1171)  (619,1171)  (525,1170)  (537,1308)  (665,1138)  (665,1184)  (583,1340)  (537,1354)
Surgi  (1578,2247)  (1623,2293)  (1624,2215)  (1669,2261)  (1669,2307)  (1670,2215)
Ladiz  (1026,2068)
sz28  (1646,1558)  (1600,1603)  (1600,1557)  (1691,1604)  (1646,1512)  (1692,1512)  (1692,1558)  (1598,1511)  (1645,1649)  (1599,1649)  (1554,1603)  (1554,1557)  (1725,1650)  (1553,1650)  (1644,1466)  (1690,1466)  (1552,1511)  (1552,1465)  (1598,1465)  (1679,1695)  (1633,1695)  (1769,1696)  (1587,1696)  (1644,1420)  (1690,1420)  (1552,1419)  (1598,1419)
S.Negros  (1116,2338)  (1097,2312)  (1110,2281)  (1125,2250)  (1140,2215)  (1149,2187)
sz27  (1397,1454)  (1351,1499)  (1351,1453)  (1442,1500)  (1397,1408)  (1443,1408)  (1443,1454)  (1349,1407)  (1396,1545)  (1350,1545)  (1488,1500)  (1488,1546)  (1442,1546)  (1304,1546)  (1395,1362)  (1441,1362)  (1487,1362)  (1489,1408)  (1489,1454)  (1317,1361)  (1396,1591)  (1350,1591)  (1503,1592)  (1457,1592)  (1258,1573)  (1258,1527)  (1363,1316)  (1409,1316)  (1455,1316)  (1501,1316)  (1317,1315)  (1212,1589)  (1212,1543)  (1403,1270)  (1449,1270)  (1495,1270)
sz29  (113,1553)  (67,1598)  (67,1552)  (158,1599)  (113,1507)  (159,1507)  (159,1553)  (65,1506)  (21,1622)  (21,1576)  (204,1599)  (205,1471)  (205,1517)  (19,1530)  (19,1484)  (250,1563)  (250,1609)  (251,1471)  (251,1517)